0 0.41328125 0.08828125 0.08828125 0.1765625
0 0.51953125 0.05078125 0.07421875 0.09453125
0 0.60546875 0.03828125 0.0765625 0.07578125
0 0.4953125 0.2046875 0.0859375 0.165625
0 0.53515625 0.35234375 0.10234375 0.1421875
0 0.61328125 0.4625 0.0875 0.1890625
0 0.45703125 0.48984375 0.0984375 0.171875
0 0.55703125 0.60078125 0.1171875 0.21328125
0 0.47734375 0.70625 0.09296875 0.18359375
0 0.390625 0.68203125 0.07890625 0.1828125
0 0.33046875 0.53125 0.08359375 0.1734375
0 0.271875 0.7046875 0.13359375 0.16484375
0 0.32421875 0.8609375 0.11171875 0.18046875
0 0.440625 0.8796875 0.09765625 0.17109375
0 0.525 0.96171875 0.10234375 0.07578125