0 0.49765625 0.09921875 0.10625 0.190625
0 0.3234375 0.4359375 0.103125 0.17265625
0 0.51640625 0.28359375 0.09140625 0.16328125
0 0.6171875 0.30625 0.096875 0.16484375
0 0.50703125 0.45546875 0.08046875 0.16953125
0 0.6078125 0.48984375 0.1046875 0.18359375
0 0.4796875 0.62578125 0.09453125 0.18203125
0 0.58828125 0.71015625 0.10703125 0.19453125
0 0.3859375 0.696875 0.0890625 0.171875
0 0.42109375 0.884375 0.103125 0.190625
0 0.5375 0.8578125 0.1015625 0.17109375
0 0.34609375 0.95703125 0.08984375 0.08515625
0 0.60234375 0.9609375 0.0953125 0.078125
0 0.478125 0.97265625 0.0875 0.0546875